SZ 22 Indian Ocean  (5,4188)  (44,4228)  (4,4228)  (0,4148)  (40,4148)  (45,4188)  (80,4113)  (84,4228)  (84,4268)  (44,4268)  (4,4268)  (0,4108)  (40,4108)  (85,4153)  (80,4073)  (114,4308)  (74,4308)  (34,4308)  (0,4068)  (40,4068)  (80,4033)  (114,4348)  (74,4348)  (34,4348)  (0,4028)  (40,4028)  (80,3993)  (114,4388)  (74,4388)  (34,4388)  (0,3988)  (40,3988)  (80,3953)  (114,4428)  (74,4428)  (34,4428)  (0,3948)  (40,3948)  (80,3913)  (0,3908)  (40,3908)  (80,3873)  (0,3868)  (40,3868)  (80,3833)  (0,3828)  (40,3828) 
Cambodia  (1633,3940)  (1593,3979)  (1593,3939)  (1672,3980)  (1633,3900)  (1673,3900)  (1673,3940)  (1591,3899)  (1632,4019)  (1592,4019)  (1553,3979)  (1553,3939)  (1712,3980)  (1695,4020)  (1552,4020)  (1713,3897)  (1713,3937)  (1551,3899)  (1655,4059)  (1615,4059)  (1513,3980)  (1513,3940)  (1752,3977)  (1753,3901)  (1511,3900)  (1762,4017)  (1473,4006)  (1473,3966)  (1792,3941)  (1793,3891)  (1471,3926)  (1802,3981)  (1433,4008)  (1433,3968)  (1832,3931)  (1872,3907)  (1872,3947)  (1912,3907)  (1912,3947)  (1952,3897)  (1952,3937) 
Sian  (2173,1514)  (2212,1554)  (2172,1554)  (2154,1474)  (2194,1474)  (2213,1514)  (2234,1453)  (2252,1554)  (2252,1594)  (2212,1594)  (2186,1434)  (2253,1493)  (2228,1413)  (2274,1419)  (2292,1533)  (2292,1573)  (2293,1459)  (2332,1499)  (2332,1539) 
SZ 11 Philippine Sea  (4253,3190)  (4213,3229)  (4213,3189)  (4292,3230)  (4253,3150)  (4293,3150)  (4293,3190)  (4211,3149)  (4252,3269)  (4212,3269)  (4173,3229)  (4173,3189)  (4332,3230)  (4332,3270)  (4292,3270)  (4172,3270)  (4251,3110)  (4291,3110)  (4331,3110)  (4333,3150)  (4333,3190)  (4171,3149)  (4171,3109)  (4211,3109)  (4371,3072)  (4252,3309)  (4212,3309)  (4133,3230)  (4133,3190)  (4372,3230)  (4372,3270)  (4300,3310)  (4172,3310)  (4132,3310)  (4132,3270)  (4251,3070)  (4291,3070)  (4331,3070)  (4373,3112)  (4373,3152)  (4131,3150)  (4131,3110)  (4131,3070)  (4171,3069)  (4211,3069)  (4371,3032)  (4411,3032)  (4411,3072)  (4260,3349)  (4220,3349)  (4093,3230)  (4093,3190) 
Huainan  (3503,1444)  (3542,1484)  (3502,1484)  (3462,1404)  (3543,1427)  (3582,1467)  (3582,1507) 
Techow  (3191,1019)  (3151,1047)  (3224,979)  (3231,1019)  (3264,957)  (3271,997) 
Kutsing  (1683,2640)  (1714,2680)  (1674,2680)  (1668,2600)  (1708,2583)  (1722,2720)  (1763,2721)  (1748,2550)  (1706,2543)  (1788,2535)  (1803,2719)  (1794,2761)  (1754,2761)  (1746,2510)  (1828,2531)  (1746,2470)  (1868,2531)  (1750,2430) 
Pinghsiang  (3045,2310)  (3084,2350)  (3034,2270)  (3074,2270)  (3085,2310)  (3044,2369)  (3114,2249)  (3100,2390)  (3024,2230)  (3125,2311)  (3060,2409)  (3020,2409)  (3014,2449) 
Nanchang  (3185,2260)  (3224,2300)  (3184,2300)  (3184,2220)  (3224,2220)  (3225,2260)  (3264,2194)  (3264,2300)  (3265,2234)  (3304,2274) 
SZ 8 East China Sea  (4321,2270)  (4281,2309)  (4281,2269)  (4360,2310)  (4321,2230)  (4361,2230)  (4361,2270)  (4279,2229)  (4320,2349)  (4280,2349)  (4241,2309)  (4241,2269)  (4400,2310)  (4400,2350)  (4360,2350)  (4240,2350)  (4319,2190)  (4359,2190)  (4399,2190)  (4401,2230)  (4401,2270)  (4239,2229)  (4239,2189)  (4279,2189)  (4439,2152)  (4320,2389)  (4280,2389)  (4201,2310)  (4201,2270)  (4440,2310)  (4440,2350)  (4440,2390)  (4400,2390)  (4360,2390)  (4240,2390)  (4200,2390)  (4200,2350)  (4319,2150)  (4359,2150)  (4399,2150)  (4441,2192)  (4441,2232)  (4199,2230)  (4199,2190)  (4199,2150)  (4239,2149)  (4279,2149)  (4439,2112)  (4320,2429)  (4280,2429)  (4161,2310)  (4161,2270) 
SZ 12 Gulf of Tonkin  (2299,3572)  (2259,3611)  (2259,3571)  (2338,3612)  (2299,3532)  (2339,3532)  (2339,3572)  (2257,3531)  (2298,3651)  (2258,3651)  (2219,3611)  (2219,3571)  (2378,3612)  (2378,3652)  (2338,3652)  (2218,3652)  (2297,3492)  (2337,3492)  (2377,3492)  (2379,3532)  (2379,3572)  (2217,3531)  (2217,3491)  (2257,3491)  (2417,3454)  (2298,3691)  (2258,3691)  (2179,3612)  (2179,3572)  (2418,3612)  (2418,3652)  (2418,3692)  (2378,3692)  (2338,3692)  (2218,3692)  (2178,3692)  (2178,3652)  (2297,3452)  (2337,3452)  (2377,3452)  (2419,3494)  (2419,3534)  (2177,3532)  (2238,3451)  (2417,3414)  (2457,3414)  (2457,3454)  (2298,3731)  (2258,3731)  (2139,3612)  (2139,3572) 
SZ 17 Malay Sea  (1885,4302)  (1845,4341)  (1845,4301)  (1924,4342)  (1885,4262)  (1925,4262)  (1925,4302)  (1843,4261)  (1884,4381)  (1844,4381)  (1805,4341)  (1805,4301)  (1964,4342)  (1964,4382)  (1924,4382)  (1804,4382)  (1883,4222)  (1923,4222)  (1963,4222)  (1965,4262)  (1965,4302)  (1803,4261)  (1803,4221)  (1843,4221)  (2003,4184)  (1884,4421)  (1844,4421)  (1765,4342)  (1765,4302)  (2004,4342)  (2004,4382)  (2004,4422)  (1964,4422)  (1924,4422)  (1804,4422)  (1764,4422)  (1764,4382)  (1883,4182)  (1923,4182)  (1963,4182)  (2005,4224)  (2005,4264)  (1763,4262)  (1763,4222)  (1763,4182)  (1803,4181)  (1843,4181)  (2003,4144)  (2043,4144)  (2043,4184)  (1725,4342)  (1725,4302) 
Tibet  (89,1956)  (49,1995)  (49,1955)  (128,1996)  (89,1916)  (129,1916)  (129,1956)  (47,1915)  (88,2035)  (48,2035)  (9,1995)  (9,1955)  (168,1996)  (168,2036)  (128,2036)  (8,2036)  (87,1876)  (127,1876)  (167,1876)  (169,1916)  (169,1956)  (7,1915)  (7,1875)  (47,1875)  (207,1838)  (88,2075)  (48,2075)  (208,1996)  (208,2036)  (208,2076)  (168,2076)  (128,2076)  (8,2076)  (87,1836)  (127,1836)  (167,1836)  (209,1878)  (209,1918)  (0,1835)  (40,1835)  (207,1798)  (247,1798)  (247,1838)  (88,2115)  (48,2115)  (248,1958)  (248,1998)  (248,2038)  (248,2078)  (208,2116)  (168,2116)  (128,2116)  (8,2116) 
Yang-chow  (3451,1532)  (3411,1571)  (3491,1539) 
Tientsin  (3113,778)  (3073,817)  (3134,818)  (3134,738)  (3153,778)  (3146,698) 
Korea Station  (4261,812)  (4221,824)  (4221,784)  (4300,852)  (4261,772)  (4301,772)  (4301,812)  (4260,864)  (4192,744)  (4181,788)  (4340,852)  (4340,892)  (4300,892)  (4232,732)  (4272,732)  (4312,732)  (4341,772)  (4341,812)  (4352,721)  (4260,904)  (4152,748)  (4152,708)  (4192,704)  (4220,923)  (4380,852)  (4380,892)  (4380,932)  (4340,932)  (4300,932)  (4232,692)  (4272,692)  (4312,692)  (4381,761)  (4381,801)  (4352,681)  (4392,681)  (4392,721)  (4260,944)  (4116,668)  (4112,758)  (4112,718)  (4156,664)  (4220,963)  (4420,841)  (4420,881)  (4420,921)  (4420,961)  (4380,972)  (4340,972)  (4300,972)  (4196,652)  (4236,652)  (4276,652)  (4421,761)  (4421,801) 
SZ 100 Pacific Ocean  (-20,4476) 
Lungkow  (3301,1094)  (3316,1134)  (3308,1054)  (3339,1174)  (3338,1214) 
Tsangchow  (3045,924)  (3005,963)  (3005,923)  (3084,964)  (3045,884)  (3085,884)  (3085,924)  (3004,883)  (3044,1003)  (3004,1003)  (3124,964)  (3089,1004)  (3125,885)  (3038,1043)  (3164,925) 
Chengang  (2733,892)  (2718,852)  (2758,852)  (2798,827)  (2750,812)  (2790,787)  (2772,1016)  (2804,1056)  (2764,1059) 
Hsingi  (1931,2796)  (1891,2835)  (1891,2795)  (1970,2836)  (1931,2756)  (1971,2756)  (1971,2796)  (1889,2755)  (1900,2875)  (1851,2814)  (2010,2836)  (2010,2876)  (1970,2876)  (2011,2769)  (1849,2774) 
East Assam  (699,2380)  (659,2419)  (659,2379)  (738,2420)  (699,2340)  (739,2340)  (739,2380)  (657,2339)  (698,2459)  (658,2459)  (619,2419)  (619,2379)  (778,2420)  (778,2460)  (738,2460)  (618,2460)  (697,2300)  (737,2300)  (777,2300)  (779,2340)  (779,2380)  (617,2339)  (817,2281)  (698,2499)  (658,2499)  (579,2420)  (579,2380)  (818,2420)  (780,2500)  (740,2500)  (618,2500)  (819,2321)  (819,2361)  (577,2340)  (700,2539)  (660,2539)  (539,2450)  (539,2410)  (858,2401)  (756,2540)  (620,2540)  (859,2335)  (537,2370)  (716,2579)  (676,2579)  (499,2416)  (636,2580)  (899,2343)  (497,2376)  (714,2619)  (674,2620) 
SZ 13 South China Sea  (2933,3418)  (2893,3457)  (2893,3417)  (2972,3458)  (2933,3378)  (2973,3378)  (2973,3418)  (2891,3377)  (2932,3497)  (2892,3497)  (2853,3457)  (2853,3417)  (3012,3458)  (3012,3498)  (2972,3498)  (2852,3498)  (2931,3338)  (2971,3338)  (3011,3338)  (3013,3378)  (3013,3418)  (2851,3377)  (2851,3337)  (2891,3337)  (3051,3300)  (2932,3537)  (2892,3537)  (2813,3458)  (2813,3418)  (3052,3458)  (3052,3498)  (3052,3538)  (3012,3538)  (2972,3538)  (2852,3538)  (2812,3538)  (2812,3498)  (2931,3298)  (2971,3298)  (3011,3298)  (3053,3340)  (3053,3380)  (2811,3378)  (2811,3338)  (2932,3577)  (2892,3577)  (2773,3458)  (2773,3418)  (3092,3420)  (3092,3460)  (3092,3500)  (3092,3540) 
SZ 10 South China Sea  (3587,3218)  (3547,3257)  (3547,3217)  (3626,3258)  (3587,3178)  (3627,3178)  (3627,3218)  (3545,3177)  (3586,3297)  (3546,3297)  (3507,3257)  (3507,3217)  (3666,3258)  (3666,3298)  (3626,3298)  (3506,3298)  (3585,3138)  (3625,3138)  (3665,3138)  (3667,3178)  (3667,3218)  (3505,3177)  (3505,3137)  (3545,3137)  (3705,3100)  (3586,3337)  (3546,3337)  (3467,3258)  (3467,3218)  (3706,3258)  (3706,3298)  (3706,3338)  (3666,3338)  (3626,3338)  (3506,3338)  (3466,3338)  (3466,3298)  (3585,3098)  (3625,3098)  (3665,3098)  (3707,3140)  (3707,3180)  (3465,3178)  (3465,3138)  (3465,3098)  (3505,3097)  (3545,3097)  (3705,3060)  (3745,3060)  (3745,3100)  (3586,3377)  (3546,3377)  (3427,3258)  (3427,3218) 
Lanchow  (1597,1372)  (1636,1412)  (1594,1332)  (1634,1332)  (1637,1372)  (1674,1304)  (1676,1412)  (1677,1344)  (1716,1384) 
Tonkin  (1753,3322)  (1713,3361)  (1713,3321)  (1792,3362)  (1753,3282)  (1793,3282)  (1793,3322)  (1711,3281)  (1752,3401)  (1712,3401)  (1673,3361)  (1673,3321)  (1804,3402)  (1672,3402)  (1833,3257)  (1833,3297)  (1633,3362)  (1633,3322)  (1830,3442)  (1632,3420)  (1873,3247)  (1873,3287)  (1620,3282)  (1870,3464)  (1593,3380)  (1593,3340)  (1830,3482)  (1592,3424)  (1913,3211)  (1913,3251)  (1913,3291)  (1911,3487)  (1580,3300)  (1871,3504)  (1553,3384)  (1553,3344)  (1953,3183)  (1953,3223)  (1953,3263)  (1953,3303)  (1944,3527)  (1540,3304)  (1904,3544)  (1864,3544)  (1993,3203)  (1993,3243)  (1993,3283)  (1993,3323)  (1824,3579)  (1905,3584)  (1865,3584) 
Foochow  (3601,2464)  (3561,2486)  (3561,2446)  (3640,2504)  (3601,2424)  (3641,2424)  (3641,2464)  (3600,2526)  (3680,2504)  (3680,2544)  (3640,2544)  (3668,2384)  (3681,2424)  (3681,2464)  (3600,2566)  (3708,2382)  (3685,2584)  (3645,2584)  (3560,2593)  (3605,2606)  (3748,2385)  (3656,2624)  (3565,2633) 
Kaifeng  (2977,1482)  (2937,1488)  (3016,1522)  (2980,1442)  (3017,1482)  (2976,1528)  (3050,1562)  (3057,1483)  (3010,1568)  (2970,1568)  (3097,1483)  (3028,1608)  (2988,1608)  (3138,1507) 
Yen-ping  (3439,2462)  (3399,2501)  (3478,2502)  (3420,2422)  (3460,2422)  (3479,2462)  (3500,2401)  (3438,2541)  (3398,2541)  (3518,2526)  (3478,2542)  (3430,2382)  (3498,2361)  (3538,2361)  (3438,2581)  (3398,2581)  (3492,2582)  (3578,2338)  (3534,2321) 
Ningyen  (1521,2520)  (1481,2559)  (1481,2519)  (1560,2560)  (1521,2480)  (1561,2480)  (1561,2520)  (1479,2479)  (1520,2599)  (1480,2599)  (1441,2558)  (1600,2560)  (1596,2600)  (1519,2440)  (1559,2440)  (1599,2440)  (1601,2480)  (1601,2520)  (1439,2518)  (1439,2478)  (1479,2439)  (1556,2639)  (1516,2639)  (1598,2640)  (1519,2400)  (1559,2400)  (1641,2453)  (1641,2493)  (1641,2533)  (1476,2399)  (1599,2368)  (1552,2679)  (1516,2360)  (1556,2360) 
Golog  (1191,1634)  (1151,1673)  (1151,1633)  (1230,1674)  (1191,1594)  (1231,1594)  (1231,1634)  (1149,1593)  (1190,1713)  (1150,1713)  (1111,1673)  (1111,1633)  (1270,1674)  (1270,1714)  (1230,1714)  (1110,1714)  (1228,1554)  (1268,1554)  (1271,1594)  (1271,1634)  (1109,1593)  (1077,1553)  (1308,1541)  (1071,1674)  (1071,1634)  (1310,1674)  (1310,1714)  (1310,1754)  (1270,1754)  (1230,1754)  (1070,1728)  (1311,1581)  (1311,1621)  (1069,1594)  (1037,1554)  (1348,1513)  (1031,1688)  (1031,1648)  (1350,1661)  (1350,1701)  (1350,1741)  (1350,1781)  (1351,1553)  (1351,1593)  (1029,1608)  (1362,1469)  (997,1568)  (997,1528)  (1388,1509)  (991,1704)  (991,1664) 
Chenyuan  (2283,2540)  (2243,2579)  (2243,2539)  (2322,2580)  (2283,2500)  (2323,2500)  (2323,2540)  (2282,2619)  (2242,2619)  (2203,2579)  (2203,2539)  (2202,2620)  (2298,2460)  (2338,2460)  (2363,2500)  (2378,2459)  (2304,2420) 
Kunming  (1529,2828)  (1568,2868)  (1528,2868)  (1506,2788)  (1546,2788)  (1569,2828)  (1586,2771)  (1608,2868)  (1608,2908)  (1568,2908)  (1538,2748)  (1609,2811)  (1578,2731)  (1618,2731)  (1626,2771)  (1648,2851)  (1648,2891)  (1649,2811)  (1666,2758)  (1688,2851)  (1689,2798) 
Lu-ting  (1681,1882)  (1641,1921)  (1641,1881)  (1720,1922)  (1681,1842)  (1721,1842)  (1721,1882)  (1639,1841)  (1680,1961)  (1640,1961)  (1601,1898)  (1760,1922)  (1760,1962)  (1720,1962)  (1679,1802)  (1719,1802)  (1759,1802)  (1761,1842)  (1761,1882)  (1599,1858)  (1599,1818)  (1639,1801)  (1588,1778)  (1680,2001)  (1640,2001)  (1800,1926)  (1800,1966)  (1760,2002)  (1720,2002)  (1679,1762)  (1628,1761)  (1600,2023)  (1584,1738)  (1680,2041)  (1640,2041)  (1764,2042)  (1624,1721)  (1572,1698)  (1634,2081)  (1612,1681) 
Chiu-Chuan  (913,728)  (873,767)  (873,727)  (952,768)  (913,688)  (953,688)  (953,728)  (871,687)  (912,807)  (872,807)  (833,767)  (833,727)  (992,768)  (992,808)  (952,808)  (832,808)  (911,648)  (951,648)  (991,648)  (993,688)  (993,728)  (831,687)  (831,647)  (871,647)  (1031,610)  (912,847)  (872,847)  (793,768)  (793,728)  (1032,768)  (1032,808)  (1032,848)  (992,848)  (952,848)  (832,848)  (792,848)  (792,808)  (911,608)  (951,608)  (991,608)  (1033,650)  (1033,690)  (791,688)  (791,648)  (791,608)  (831,607)  (871,607)  (1031,570)  (912,887)  (872,887)  (753,768)  (753,728) 
Kweilin  (2549,2838)  (2509,2877)  (2509,2837)  (2588,2878)  (2549,2798)  (2589,2798)  (2589,2838)  (2507,2797)  (2548,2917)  (2508,2917)  (2469,2877)  (2469,2837)  (2628,2878)  (2628,2918)  (2588,2918)  (2468,2918)  (2547,2758)  (2587,2758)  (2627,2758)  (2629,2798)  (2629,2838)  (2467,2797)  (2548,2957)  (2508,2957)  (2429,2878)  (2429,2838)  (2668,2889)  (2591,2958)  (2468,2958)  (2592,2718)  (2632,2718)  (2669,2761)  (2427,2798)  (2682,2929)  (2534,2997)  (2389,2894)  (2389,2854)  (2708,2876)  (2494,2998)  (2454,2998)  (2387,2814)  (2722,2916)  (2722,2956)  (2762,2909)  (2762,2949) 
Amoy  (3433,2718)  (3393,2757)  (3393,2717)  (3472,2758)  (3433,2678)  (3473,2678)  (3473,2718)  (3391,2677)  (3353,2758)  (3353,2718)  (3512,2758)  (3512,2798)  (3472,2798)  (3513,2697)  (3351,2678)  (3364,2637)  (3552,2737)  (3528,2838)  (3488,2838)  (3590,2697)  (3592,2737)  (3477,2878) 
Cochinchina  (1819,4057)  (1779,4069)  (1859,4023)  (1739,4103)  (1899,4013)  (1699,4122)  (1939,4013)  (1942,4053)  (1659,4132) 
Hsuchow  (3319,1460)  (3279,1474)  (3359,1449)  (3359,1489)  (3399,1435)  (3399,1475)  (3186,1426) 
Hanoi  (1953,3410)  (1913,3422)  (1913,3382)  (1992,3450)  (1953,3370)  (1993,3389)  (1873,3398)  (2032,3429)  (2032,3469)  (1992,3490)  (2034,3509)  (2072,3391)  (2072,3431)  (1989,3530)  (2074,3471)  (2112,3404)  (2114,3444)  (2154,3440) 
SZ 23 Pacific Ocean  (4403,3916)  (4363,3955)  (4363,3915)  (4442,3956)  (4403,3876)  (4443,3876)  (4443,3916)  (4361,3875)  (4402,3995)  (4362,3995)  (4448,3996)  (4401,3836)  (4441,3836)  (4345,3835)  (4408,4035)  (4368,4035)  (4448,4036)  (4385,3796)  (4425,3796)  (4345,3795)  (4408,4075)  (4368,4075)  (4448,4076)  (4385,3756)  (4425,3756)  (4345,3755)  (4408,4115)  (4368,4115)  (4448,4116)  (4385,3716)  (4425,3716)  (4345,3715)  (4408,4155)  (4368,4155)  (4448,4156)  (4385,3676)  (4425,3676)  (4345,3675)  (4408,4195)  (4368,4195)  (4448,4196)  (4385,3636)  (4425,3636)  (4345,3635)  (4408,4235)  (4368,4235)  (4448,4236)  (4385,3596)  (4425,3596)  (4345,3595)  (4408,4275)  (4368,4275) 
Bangkok  (1127,3854)  (1087,3852)  (1117,3894)  (1167,3831)  (1167,3871)  (1204,3911)  (1207,3851)  (1244,3891)  (1244,3931) 
Huaipei  (3227,1570)  (3187,1609)  (3266,1610)  (3216,1530)  (3256,1530)  (3267,1570)  (3147,1584)  (3306,1610)  (3307,1555)  (3308,1650)  (3348,1628) 
Chengteh  (3211,438)  (3171,477)  (3171,437)  (3250,478)  (3211,398)  (3251,398)  (3251,438)  (3169,397)  (3210,517)  (3170,517)  (3131,477)  (3131,437)  (3290,478)  (3290,518)  (3250,518)  (3130,518)  (3209,358)  (3249,358)  (3289,358)  (3291,398)  (3291,438)  (3129,397)  (3160,357)  (3329,321)  (3210,557)  (3170,557)  (3330,478)  (3330,518)  (3330,558)  (3290,558)  (3250,558)  (3130,558)  (3331,361)  (3331,401)  (3369,311)  (3210,597)  (3170,597)  (3370,441)  (3370,481)  (3370,521)  (3285,598)  (3371,351)  (3371,391)  (3409,295)  (3410,431)  (3411,335)  (3411,375)  (3449,277)  (3451,317)  (3451,357)  (3488,235) 
Sinkiang-Mongolia  (2223,232)  (2183,271)  (2183,231)  (2262,272)  (2223,192)  (2263,192)  (2263,232)  (2181,191)  (2222,311)  (2182,311)  (2143,271)  (2143,231)  (2302,272)  (2302,312)  (2262,312)  (2142,312)  (2221,152)  (2261,152)  (2301,152)  (2303,192)  (2303,232)  (2141,191)  (2141,151)  (2181,151)  (2341,114)  (2222,351)  (2182,351)  (2103,272)  (2103,232)  (2342,272)  (2342,312)  (2342,352)  (2302,352)  (2262,352)  (2142,352)  (2102,352)  (2102,312)  (2221,112)  (2261,112)  (2301,112)  (2343,154)  (2343,194)  (2101,192)  (2101,152)  (2101,112)  (2141,111)  (2181,111)  (2341,74)  (2381,74)  (2381,114)  (2222,391)  (2182,391)  (2063,272)  (2063,232) 
Weinan  (2392,1471)  (2418,1511)  (2378,1431)  (2418,1431)  (2419,1551)  (2400,1391)  (2440,1391)  (2459,1585)  (2419,1591)  (2379,1593)  (2400,1351)  (2476,1625)  (2436,1631)  (2396,1633)  (2394,1311)  (2504,1665)  (2464,1671)  (2424,1673)  (2384,1673)  (2378,1271)  (2418,1271)  (2367,1231)  (2407,1231)  (2372,1191) 
Shanhaiguan  (3431,531)  (3468,491)  (3426,571)  (3482,451)  (3522,415)  (3522,455) 
Manipur  (571,2840)  (531,2879)  (531,2839)  (610,2880)  (571,2800)  (611,2800)  (611,2840)  (529,2799)  (570,2919)  (530,2919)  (650,2880)  (649,2920)  (598,2760)  (638,2760)  (651,2800)  (651,2840)  (678,2735)  (609,2959)  (569,2959)  (529,2959)  (626,2999)  (586,2999) 
Kentung  (1069,3386)  (1029,3425)  (1108,3426)  (1042,3346)  (1082,3346)  (1109,3386)  (1068,3465)  (1028,3465)  (1148,3426)  (1148,3466)  (1108,3466)  (1038,3306)  (1078,3306)  (1118,3299)  (1068,3505)  (1188,3444)  (1188,3484)  (1148,3506)  (1108,3506)  (1033,3266)  (1073,3266)  (1113,3259)  (1228,3477)  (1048,3226)  (1088,3219)  (1128,3219)  (1086,3179) 
Jih-Chao  (3415,1206)  (3454,1246)  (3414,1246)  (3432,1166)  (3455,1206)  (3472,1149)  (3433,1286) 
Weihaiwei  (3564,976)  (3672,973)  (3712,978) 
Port Arthur  (3559,748)  (3598,788)  (3558,788)  (3560,708)  (3599,748)  (3600,707)  (3638,788)  (3617,828)  (3639,747)  (3640,693)  (3679,741) 
Hong Kong  (3105,3186)  (3065,3225)  (3065,3185)  (3144,3226)  (3105,3146)  (3145,3146)  (3145,3186)  (3185,3167)  (3185,3207) 
Tuyun  (2231,2732)  (2191,2771)  (2191,2731)  (2270,2772)  (2271,2711)  (2200,2691)  (2230,2811)  (2151,2806)  (2310,2751)  (2270,2812)  (2311,2693)  (2111,2836)  (2111,2796)  (2350,2733)  (2351,2657)  (2390,2697)  (2390,2737)  (2391,2639) 
Siangtan  (2753,2570)  (2713,2609)  (2788,2610)  (2720,2530)  (2760,2530)  (2793,2570)  (2800,2523)  (2748,2649)  (2708,2649)  (2673,2609)  (2788,2650)  (2748,2490)  (2840,2507)  (2840,2547)  (2748,2689)  (2788,2690)  (2708,2701)  (2748,2729)  (2780,2769)  (2740,2769)  (2792,2809)  (2752,2809)  (2712,2811) 
Chin  (613,3174)  (652,3214)  (612,3214)  (600,3134)  (640,3134)  (653,3174)  (680,3107)  (572,3253)  (692,3214)  (661,3254)  (621,3254)  (592,3094)  (693,3147)  (664,3067)  (581,3293)  (636,3294)  (596,3333)  (564,3373) 
SZ 14 South China Sea  (3223,4064)  (3183,4103)  (3183,4063)  (3262,4104)  (3223,4024)  (3263,4024)  (3263,4064)  (3181,4023)  (3222,4143)  (3182,4143)  (3143,4103)  (3143,4063)  (3302,4104)  (3302,4144)  (3262,4144)  (3142,4144)  (3221,3984)  (3261,3984)  (3301,3984)  (3303,4024)  (3303,4064)  (3141,4023)  (3141,3983)  (3181,3983)  (3341,3946)  (3222,4183)  (3182,4183)  (3103,4104)  (3103,4064)  (3342,4104)  (3342,4144)  (3342,4184)  (3302,4184)  (3262,4184)  (3142,4184)  (3102,4184)  (3102,4144)  (3221,3944)  (3261,3944)  (3301,3944)  (3343,3986)  (3343,4026)  (3101,4024)  (3101,3984)  (3101,3944)  (3141,3943)  (3181,3943)  (3341,3906)  (3381,3906)  (3381,3946)  (3222,4223)  (3182,4223)  (3063,4104)  (3063,4064) 
Poseh  (2081,3020)  (2041,3002)  (2120,3060)  (2080,3060)  (2081,2980)  (2121,2980)  (2121,3020)  (2022,2962)  (2001,3006)  (2160,3060)  (2159,3100)  (2119,3100)  (2079,3105)  (1982,2966)  (2039,3143)  (2110,3145)  (1942,2996)  (1942,2956)  (1902,2970) 
Formosa  (4023,2754)  (3983,2793)  (3983,2753)  (4062,2794)  (4023,2714)  (4063,2714)  (4063,2754)  (4022,2833)  (3982,2833)  (4102,2794)  (4102,2834)  (4062,2834)  (3942,2834)  (4018,2674)  (4058,2674)  (4098,2674)  (4103,2714)  (4103,2754)  (4138,2639)  (4022,2873)  (3982,2873)  (4087,2874)  (3942,2874)  (4052,2634)  (4092,2634)  (4132,2599)  (4047,2913)  (4007,2913)  (3967,2914)  (4074,2594)  (4124,2559)  (4164,2559)  (4032,2953)  (3992,2954)  (4013,2994) 
Chungking  (1981,2312)  (2020,2352)  (1980,2352)  (1968,2272)  (2008,2272)  (2021,2312)  (2048,2245)  (2060,2352)  (2060,2392)  (2020,2392)  (2000,2232)  (2061,2285)  (2088,2216)  (2100,2325)  (2100,2365)  (2101,2256)  (2140,2296)  (2140,2336) 
Anking  (3306,1891)  (3266,1928)  (3320,1851)  (3344,1931)  (3346,1891)  (3360,1835)  (3304,1968)  (3264,1968)  (3224,1970)  (3334,1795)  (3374,1795)  (3400,1835)  (3287,2008)  (3247,2010) 
Luang Prabang  (1433,3532)  (1393,3571)  (1393,3531)  (1472,3572)  (1433,3492)  (1473,3492)  (1473,3532)  (1391,3491)  (1432,3611)  (1392,3611)  (1353,3571)  (1353,3531)  (1512,3572)  (1512,3612)  (1472,3612)  (1431,3452)  (1471,3452)  (1511,3452)  (1513,3492)  (1513,3532)  (1351,3491)  (1388,3651)  (1313,3566)  (1552,3572)  (1552,3612)  (1519,3652)  (1412,3412)  (1452,3412)  (1492,3412)  (1553,3523)  (1311,3526)  (1440,3372)  (1480,3372)  (1476,3332) 
Taungoo  (875,3430)  (835,3469)  (835,3429)  (914,3470)  (875,3390)  (915,3390)  (915,3430)  (874,3509)  (834,3509)  (954,3470)  (954,3510)  (914,3510)  (874,3350)  (914,3350)  (954,3350)  (955,3390)  (955,3430)  (874,3549)  (834,3549)  (994,3344)  (994,3546)  (954,3550)  (914,3550)  (882,3310)  (922,3310)  (962,3304)  (794,3561)  (844,3589)  (970,3264)  (804,3601) 
Wu Tang Mountains  (2501,1846)  (2461,1885)  (2461,1845)  (2540,1886)  (2501,1806)  (2541,1806)  (2541,1846)  (2500,1925)  (2421,1854)  (2580,1886)  (2580,1926)  (2540,1926)  (2486,1766)  (2526,1766)  (2581,1789)  (2581,1829)  (2620,1900)  (2620,1940)  (2580,1966)  (2540,1966)  (2634,1980)  (2579,2006) 
Mandalay  (817,3170)  (777,3209)  (777,3169)  (856,3210)  (817,3130)  (857,3130)  (857,3170)  (775,3129)  (816,3249)  (776,3249)  (815,3090)  (855,3090)  (897,3181)  (762,3089)  (832,3289)  (792,3289)  (752,3289)  (802,3050)  (842,3050)  (828,3329) 
Liaocheng  (3027,1176)  (3066,1216)  (3062,1136)  (3055,1256)  (3068,1096) 
SZ 3 North Yellow Sea  (3839,830)  (3799,869)  (3799,829)  (3878,870)  (3839,790)  (3879,790)  (3879,830)  (3797,789)  (3838,909)  (3798,909)  (3759,869)  (3759,829)  (3918,870)  (3918,910)  (3878,910)  (3758,910)  (3837,750)  (3877,750)  (3917,750)  (3919,790)  (3919,830)  (3757,789)  (3757,749)  (3797,749)  (3838,949)  (3798,949)  (3719,870)  (3719,830)  (3958,870)  (3958,910)  (3958,950)  (3918,950)  (3878,950)  (3718,916)  (3837,710)  (3877,710)  (3917,710)  (3959,815)  (3726,709)  (3766,709)  (3679,876)  (3998,855)  (3998,895)  (3998,935)  (3806,670)  (3846,670)  (3886,670)  (3926,670)  (3714,669)  (3754,669)  (3665,916) 
SZ 7 East China Sea  (3997,2072)  (3957,2111)  (3957,2071)  (4036,2112)  (3997,2032)  (4037,2032)  (4037,2072)  (3955,2031)  (3996,2151)  (3956,2151)  (4076,2112)  (4076,2152)  (4036,2152)  (3995,1992)  (4035,1992)  (4075,1992)  (4077,2032)  (4077,2072)  (3936,1991)  (3996,2191)  (3956,2191)  (4108,2192)  (4068,2192)  (3976,1952)  (4016,1952)  (4056,1952)  (4096,1952)  (3936,1940)  (3894,1930)  (3916,2219)  (4028,2231)  (3988,2231)  (4108,2232)  (4068,2232)  (3976,1912)  (4016,1912)  (4056,1912)  (4096,1912)  (3934,1900)  (3948,2259)  (3908,2259)  (3868,2267)  (4028,2271)  (3988,2271)  (4108,2272)  (4068,2272)  (3974,1872)  (4014,1872)  (4054,1872)  (4094,1872)  (3928,1860) 
Soochow  (3665,1818) 
Kungchangfu  (1817,1462)  (1777,1496)  (1777,1456)  (1856,1502)  (1817,1422)  (1857,1422)  (1857,1462)  (1770,1416)  (1816,1536)  (1882,1542)  (1810,1382)  (1922,1557)  (1794,1342)  (1834,1341)  (1951,1597)  (1991,1603)  (1951,1637)  (1997,1643) 
Fengdu  (2241,2256)  (2201,2248)  (2280,2296)  (2241,2216)  (2281,2247)  (2320,2287)  (2320,2327)  (2360,2314)  (2360,2354)  (2369,2394)  (2342,2082)  (2382,2066) 
Fancheng  (2777,1890)  (2737,1929)  (2737,1889)  (2816,1930)  (2777,1850)  (2817,1850)  (2817,1890)  (2735,1849)  (2776,1969)  (2736,1969)  (2697,1908)  (2856,1930)  (2831,1970)  (2857,1819)  (2857,1859)  (2695,1868)  (2670,1828)  (2768,2009)  (2728,2009)  (2688,2019)  (2648,2033)  (2742,2049)  (2702,2059) 
Calcutta  (5,3076)  (44,3116)  (4,3116)  (0,3036)  (40,3036)  (45,3076)  (80,3001)  (84,3116)  (84,3156)  (44,3156)  (4,3156)  (0,2996)  (40,2996)  (85,3041)  (80,2961)  (120,2961)  (120,3001)  (124,3081)  (124,3121)  (106,3196)  (66,3196)  (26,3196)  (0,2956)  (40,2956)  (125,3041)  (80,2921)  (120,2921)  (160,2978)  (164,3081)  (106,3236)  (66,3236)  (26,3236)  (32,2916)  (165,3018)  (126,3276)  (86,3276)  (46,3276)  (6,3276)  (167,3285)  (127,3316)  (87,3316)  (47,3316)  (7,3316)  (207,3325)  (167,3325)  (127,3356)  (87,3356)  (47,3356)  (7,3356)  (218,3365)  (178,3365) 
North Jehol  (3263,88)  (3223,127)  (3223,87)  (3302,128)  (3263,48)  (3303,48)  (3303,88)  (3221,47)  (3262,167)  (3222,167)  (3183,127)  (3183,87)  (3342,128)  (3342,168)  (3302,168)  (3182,168)  (3261,8)  (3301,8)  (3341,8)  (3343,48)  (3343,88)  (3181,47)  (3181,7)  (3221,7)  (3381,0)  (3262,207)  (3222,207)  (3143,128)  (3143,88)  (3382,128)  (3382,168)  (3382,208)  (3342,208)  (3302,208)  (3182,208)  (3142,208)  (3142,168)  (3383,40)  (3383,80)  (3141,48)  (3421,0)  (3262,247)  (3222,247)  (3422,120)  (3422,160)  (3422,200)  (3375,248)  (3335,248)  (3182,248)  (3142,248)  (3102,248)  (3102,208) 
Tsingtai  (2879,1138)  (2918,1178)  (2878,1178)  (2856,1098)  (2896,1098)  (2919,1138)  (2838,1179)  (2936,1081)  (2946,1218)  (2906,1218)  (2959,1121)  (2866,1219)  (2999,1099) 
Shanghai  (3745,1824)  (3784,1864)  (3752,1784)  (3785,1824)  (3792,1777)  (3824,1864)  (3825,1817)  (3832,1757)  (3864,1857)  (3865,1797) 
Tsingtao  (3567,1112)  (3606,1152)  (3552,1072)  (3592,1072)  (3607,1112)  (3632,1047)  (3646,1152)  (3582,1032)  (3647,1087)  (3672,1044)  (3687,1084) 
Hwanggang  (3079,1972)  (3039,1994)  (3039,1954)  (3118,2012)  (3079,1932)  (3119,1941)  (3020,1914)  (2999,1996)  (2999,1956)  (3158,2040)  (2980,1916)  (3186,2080)  (2959,1978)  (2940,1938) 
West Assam  (75,2584)  (35,2623)  (35,2583)  (114,2624)  (75,2544)  (115,2544)  (115,2584)  (33,2543)  (74,2663)  (34,2663)  (154,2624)  (154,2664)  (114,2664)  (73,2504)  (113,2504)  (153,2504)  (155,2544)  (155,2584)  (0,2503)  (193,2466)  (74,2703)  (34,2703)  (194,2624)  (194,2664)  (194,2704)  (154,2704)  (114,2704)  (195,2506)  (195,2546)  (192,2426)  (232,2426)  (233,2466)  (74,2743)  (34,2743)  (234,2586)  (234,2626)  (234,2666)  (234,2706)  (194,2744)  (154,2744)  (114,2744)  (235,2506)  (235,2546)  (236,2746)  (272,2393)  (273,2433)  (74,2783)  (34,2783)  (274,2586)  (274,2626)  (274,2666)  (274,2706) 
Peking  (2963,664)  (3002,704)  (2974,624)  (3003,664)  (3014,613)  (3042,704)  (3043,653)  (3054,607)  (3082,693)  (3083,647) 
Annam  (2075,3870)  (2035,3909)  (2035,3869)  (2114,3910)  (2075,3830)  (2115,3830)  (2115,3870)  (2033,3829)  (2074,3949)  (2034,3949)  (2154,3910)  (2154,3950)  (2114,3950)  (2073,3790)  (2113,3790)  (2155,3793)  (2155,3833)  (2030,3789)  (2074,3989)  (2034,3989)  (2194,3873)  (2194,3913)  (2194,3953)  (2154,3990)  (2114,3990)  (2195,3799)  (1964,3716)  (2234,3856)  (2234,3896)  (2234,3936)  (1922,3690)  (1882,3658) 
Bichieh  (1891,2622)  (1851,2661)  (1851,2621)  (1930,2662)  (1930,2582)  (1931,2622)  (1811,2662)  (1811,2622)  (1970,2557)  (1771,2660)  (1771,2620) 
Changsha  (2785,2392)  (2824,2432)  (2784,2432)  (2776,2352)  (2816,2352)  (2825,2392)  (2856,2321)  (2864,2432)  (2865,2361)  (2904,2401) 
Lashio  (985,3106)  (945,3145)  (945,3105)  (1024,3146)  (985,3066)  (1025,3066)  (1025,3106)  (943,3065)  (984,3185)  (1065,3043)  (1065,3083) 
Mengtsi  (1739,3056)  (1699,3095)  (1699,3055)  (1778,3096)  (1739,3016)  (1779,3016)  (1779,3056)  (1697,3015)  (1738,3135)  (1698,3135)  (1818,3096)  (1818,3136)  (1778,3136)  (1737,2976)  (1777,2976)  (1817,2976)  (1819,3016)  (1819,3056)  (1657,3032)  (1657,2992)  (1697,2975)  (1738,3175)  (1698,3175)  (1858,3096)  (1858,3136)  (1858,3176)  (1818,3176)  (1778,3176)  (1737,2936)  (1777,2936)  (1859,3017)  (1658,3179)  (1817,2912)  (1898,3057)  (1898,3097)  (1898,3137)  (1736,2896)  (1776,2896)  (1652,3219)  (1816,2872)  (1938,3055)  (1938,3095)  (1746,2856)  (1978,3059)  (1978,3099)  (2018,3056) 
Fen-chow  (2521,1108)  (2560,1148)  (2520,1148)  (2494,1068)  (2534,1068)  (2561,1108)  (2600,1148)  (2600,1188)  (2560,1188)  (2476,1028)  (2516,1028)  (2640,1172)  (2640,1212)  (2498,988)  (2510,948) 
Phitsanulok  (1353,3744)  (1313,3764)  (1390,3704)  (1393,3744)  (1430,3697)  (1273,3758)  (1433,3737)  (1473,3723) 
Juning  (2967,1756)  (2927,1795)  (2927,1755)  (3006,1796)  (2967,1716)  (3007,1717)  (2925,1715)  (3046,1761)  (3046,1801)  (3006,1836)  (2885,1712)  (3046,1841)  (3086,1773)  (3086,1813) 
Tsinghai  (1095,1306)  (1055,1345)  (1055,1305)  (1134,1346)  (1095,1266)  (1135,1266)  (1135,1306)  (1053,1265)  (1094,1385)  (1054,1385)  (1015,1345)  (1015,1305)  (1174,1346)  (1174,1386)  (1134,1386)  (1014,1386)  (1093,1226)  (1133,1226)  (1173,1226)  (1175,1266)  (1175,1306)  (1013,1265)  (1013,1225)  (1053,1225)  (1213,1188)  (1094,1425)  (1054,1425)  (975,1346)  (975,1306)  (1214,1346)  (1214,1386)  (1214,1426)  (1174,1426)  (1134,1426)  (1014,1426)  (974,1426)  (974,1386)  (1093,1186)  (1133,1186)  (1173,1186)  (1215,1228)  (1215,1268)  (973,1266)  (973,1226)  (973,1186)  (1013,1185)  (1053,1185)  (1213,1148)  (1253,1148)  (1253,1188)  (1094,1465)  (1054,1465)  (935,1346)  (935,1306) 
Ankang  (2293,1758)  (2253,1797)  (2253,1757)  (2332,1798)  (2293,1718)  (2333,1725)  (2251,1717)  (2292,1837)  (2252,1837)  (2372,1766)  (2372,1806)  (2332,1838)  (2291,1678)  (2228,1677)  (2364,1878) 
Kuyuan  (1919,1266)  (1879,1282)  (1879,1242)  (1958,1306)  (1919,1226)  (1959,1226)  (1959,1266)  (1918,1322)  (1864,1202)  (1839,1256)  (1998,1306)  (1986,1346)  (1922,1186)  (1962,1186)  (1946,1362)  (1906,1362)  (2002,1170)  (1960,1146)  (2042,1143)  (2000,1130)  (2040,1103)  (1998,1090) 
Luchow  (2039,2474)  (1999,2510)  (1999,2470)  (2078,2514)  (2079,2461)  (1959,2504)  (1959,2464)  (2118,2501)  (2118,2541)  (2119,2455)  (1946,2424)  (2159,2433)  (1906,2456)  (1906,2416)  (2192,2393)  (2199,2433)  (1866,2456)  (1866,2416)  (2232,2355)  (2239,2395)  (2239,2435)  (1826,2436) 
Yenan  (2317,1076)  (2277,1115)  (2277,1075)  (2356,1116)  (2317,1036)  (2357,1036)  (2357,1076)  (2316,1155)  (2276,1155)  (2396,1116)  (2236,1156)  (2332,996)  (2372,996)  (2397,1036)  (2397,1076)  (2412,981)  (2432,1156)  (2322,1195)  (2282,1195)  (2436,1116)  (2196,1180)  (2196,1140)  (2356,956)  (2396,941)  (2436,941)  (2322,1235)  (2282,1235)  (2156,1186)  (2156,1146)  (2420,901)  (2322,1275)  (2282,1297)  (2336,1315)  (2296,1337)  (2350,1355) 
Canton  (2923,3054)  (2962,3094)  (2922,3094)  (2904,3014)  (2944,3014)  (2963,3054)  (2984,2993)  (3002,3094)  (3002,3134)  (2962,3134)  (2922,3134)  (2944,2974)  (3003,3033)  (3024,2969)  (3042,3073)  (3043,3009)  (3082,3049) 
Swatow  (3275,2944)  (3235,2983)  (3235,2943)  (3314,2984)  (3275,2904)  (3315,2904)  (3315,2944)  (3233,2903)  (3274,3023)  (3234,3023)  (3195,2983)  (3354,2984)  (3354,3024)  (3314,3024)  (3194,3024)  (3273,2864)  (3313,2864)  (3353,2864)  (3355,2904)  (3355,2944)  (3232,2863)  (3393,2826)  (3215,3064)  (3175,3064)  (3154,3024)  (3324,2824)  (3395,2866)  (3395,2906)  (3395,2946) 
Mukden  (3595,362)  (3634,402)  (3594,402)  (3588,322)  (3628,322)  (3635,362)  (3668,289)  (3674,402)  (3674,442)  (3634,442)  (3675,329)  (3708,277)  (3714,369)  (3714,409)  (3714,449)  (3715,317)  (3754,357)  (3754,397)  (3755,317) 
Chindwin  (741,2804)  (777,2844)  (737,2844)  (754,2764)  (781,2804)  (794,2751)  (774,2884)  (734,2884)  (768,2711)  (808,2711)  (774,2924)  (734,2924)  (766,2671)  (806,2671)  (846,2671)  (694,2963)  (794,2964)  (754,2964)  (770,2631)  (810,2631)  (850,2631)  (714,3003)  (754,3004)  (890,2603)  (794,2591)  (834,2591)  (723,3044)  (874,2563)  (818,2551)  (858,2523) 
Tsingyang  (2075,1352)  (2035,1391)  (2114,1392)  (2054,1312)  (2094,1312)  (2115,1352)  (2134,1293)  (2074,1431)  (2034,1431)  (2054,1272)  (2094,1272)  (2155,1333)  (2155,1373)  (1994,1441)  (2152,1253)  (2174,1293)  (2192,1237)  (1954,1472)  (2034,1232)  (2074,1232)  (2195,1333)  (2214,1277)  (1982,1512)  (1942,1512) 
Ordos Plateau  (2207,856)  (2167,895)  (2167,855)  (2246,896)  (2207,816)  (2247,816)  (2247,856)  (2165,815)  (2206,935)  (2166,935)  (2127,895)  (2127,855)  (2286,896)  (2286,936)  (2246,936)  (2126,936)  (2205,776)  (2245,776)  (2285,776)  (2287,816)  (2287,856)  (2125,815)  (2125,775)  (2165,775)  (2325,749)  (2206,975)  (2166,975)  (2087,890)  (2284,976)  (2126,976)  (2086,976)  (2327,789)  (2327,829)  (2327,869)  (2085,850)  (2085,810)  (2130,735)  (2170,735)  (2365,749)  (2236,1015)  (2196,1015)  (2156,1016)  (2116,1016)  (2076,1016)  (2367,789)  (2367,829)  (2210,1055)  (2170,1056)  (2130,1056)  (2407,759)  (2407,799) 
Kirin  (3855,82)  (3815,121)  (3815,81)  (3894,122)  (3855,42)  (3895,42)  (3895,82)  (3813,41)  (3854,161)  (3814,161)  (3775,121)  (3775,81)  (3934,122)  (3934,162)  (3894,162)  (3774,162)  (3853,2)  (3893,2)  (3933,2)  (3935,42)  (3935,82)  (3773,41)  (3773,1)  (3813,1)  (3973,0)  (3854,201)  (3814,201)  (3735,122)  (3735,82)  (3974,122)  (3974,162)  (3974,202)  (3934,202)  (3894,202)  (3774,202)  (3734,202)  (3734,162)  (3975,40)  (3975,80)  (3733,42)  (3733,2)  (4013,0)  (3854,241)  (3814,241)  (3695,122)  (3695,82)  (4014,120)  (4014,160)  (4014,200)  (4014,240)  (3974,242)  (3934,242)  (3894,242)  (3774,242)  (3694,220)  (3694,180) 
SZ 16 Gulf of Thailand  (1119,4080)  (1079,4119)  (1079,4079)  (1158,4120)  (1119,4040)  (1159,4040)  (1159,4080)  (1077,4039)  (1118,4159)  (1078,4159)  (1039,4119)  (1039,4079)  (1198,4120)  (1198,4160)  (1158,4160)  (1117,4000)  (1157,4000)  (1197,4000)  (1199,4040)  (1199,4080)  (1237,3989)  (1118,4199)  (1078,4199)  (999,4080)  (1238,4120)  (1238,4160)  (1238,4200)  (1198,4200)  (1158,4200)  (1082,3960)  (1122,3960)  (1239,4029)  (1239,4069)  (1038,4205)  (1276,4240)  (1236,4240) 
SZ 18 Andaman Sea  (643,3930)  (603,3969)  (603,3929)  (682,3970)  (643,3890)  (683,3890)  (683,3930)  (601,3889)  (642,4009)  (602,4009)  (563,3969)  (563,3929)  (722,3970)  (722,4010)  (682,4010)  (562,4010)  (641,3850)  (681,3850)  (721,3850)  (723,3890)  (723,3930)  (561,3889)  (561,3849)  (601,3849)  (761,3812)  (642,4049)  (602,4049)  (523,3970)  (523,3930)  (762,3970)  (762,4010)  (762,4050)  (722,4050)  (682,4050)  (562,4050)  (522,4050)  (522,4010)  (698,3810)  (763,3852)  (763,3892)  (521,3890)  (521,3850)  (521,3810)  (801,3781)  (642,4089)  (602,4089)  (802,3932)  (802,3972)  (802,4012)  (802,4052)  (762,4090)  (722,4090)  (682,4090)  (562,4090)  (522,4090) 
West Kwangtung  (2731,3236)  (2691,3275)  (2691,3235)  (2761,3276)  (2738,3196)  (2771,3236)  (2778,3193)  (2651,3306)  (2811,3233)  (2818,3193)  (2841,3136)  (2611,3316)  (2851,3233)  (2858,3176)  (2592,3374)  (2891,3216)  (2602,3414)  (2931,3205) 
Lungchow  (2257,3196)  (2217,3235)  (2217,3195)  (2296,3236)  (2257,3156)  (2297,3156)  (2297,3196)  (2215,3155)  (2256,3275)  (2216,3275)  (2177,3235)  (2336,3236)  (2336,3276)  (2296,3276)  (2176,3276)  (2255,3116)  (2295,3116)  (2175,3180)  (2256,3315)  (2376,3237)  (2226,3076)  (2266,3076)  (2306,3076) 
SZ 5 Sea of Japan  (4199,1530)  (4159,1569)  (4159,1529)  (4238,1570)  (4199,1490)  (4239,1490)  (4239,1530)  (4157,1489)  (4198,1609)  (4158,1609)  (4246,1610)  (4197,1450)  (4237,1450)  (4153,1449)  (4277,1414)  (4206,1649)  (4166,1649)  (4260,1650)  (4193,1410)  (4233,1410)  (4153,1409)  (4273,1374)  (4313,1372)  (4220,1689)  (4180,1689)  (4284,1690)  (4193,1370)  (4233,1370)  (4153,1369)  (4353,1344)  (4273,1334)  (4313,1332)  (4244,1729)  (4204,1729)  (4164,1729)  (4322,1730)  (4193,1330)  (4233,1330)  (4153,1329)  (4393,1328)  (4362,1756)  (4353,1304)  (4433,1296)  (4273,1294)  (4313,1292)  (4282,1769)  (4242,1769)  (4202,1769)  (4162,1769)  (4322,1770)  (4193,1290)  (4233,1290) 
Kohima  (479,2626)  (439,2665)  (439,2625)  (518,2666)  (479,2586)  (519,2586)  (519,2626)  (437,2585)  (478,2705)  (438,2705)  (399,2665)  (399,2625)  (558,2666)  (558,2706)  (518,2706)  (398,2706)  (484,2546)  (524,2546)  (559,2593)  (397,2585)  (478,2745)  (359,2626)  (598,2639)  (529,2746)  (530,2506)  (357,2586) 
Puchow  (2523,1372)  (2562,1412)  (2522,1412)  (2488,1332)  (2528,1332)  (2563,1372)  (2568,1327)  (2602,1412)  (2569,1452)  (2529,1452)  (2489,1452)  (2478,1292)  (2518,1292)  (2603,1369)  (2558,1287)  (2495,1492)  (2482,1252)  (2522,1247)  (2472,1212) 
Nakhon Sawan  (1341,3856)  (1301,3832)  (1377,3896)  (1337,3896)  (1381,3823)  (1417,3863)  (1261,3814)  (1354,3936) 
Liaodong  (3681,556)  (3641,595)  (3641,555)  (3713,596)  (3720,516)  (3721,556)  (3664,635)  (3760,499)  (3761,539)  (3800,472)  (3801,512)  (3801,552) 
Kunlun Mountains  (505,1556)  (465,1595)  (465,1555)  (544,1596)  (505,1516)  (545,1516)  (545,1556)  (463,1515)  (504,1635)  (464,1635)  (425,1595)  (425,1555)  (584,1596)  (584,1636)  (544,1636)  (424,1636)  (503,1476)  (543,1476)  (583,1476)  (585,1516)  (585,1556)  (423,1515)  (423,1475)  (463,1475)  (623,1441)  (504,1675)  (464,1675)  (385,1596)  (385,1556)  (624,1596)  (624,1636)  (624,1676)  (584,1676)  (544,1676)  (424,1676)  (384,1676)  (384,1636)  (503,1436)  (543,1436)  (583,1436)  (625,1481)  (625,1521)  (383,1516)  (383,1476)  (383,1436)  (423,1435)  (463,1435)  (504,1715)  (464,1715)  (345,1596)  (345,1556) 
Myitkyina  (949,2702)  (909,2741)  (909,2701)  (988,2742)  (949,2662)  (989,2662)  (989,2702)  (948,2781)  (908,2781)  (1028,2742)  (1019,2782)  (868,2782)  (938,2622)  (978,2622)  (1018,2622)  (1029,2662)  (1029,2702)  (1058,2593)  (972,2821)  (932,2821)  (1068,2742)  (892,2822)  (852,2822)  (937,2582)  (977,2582)  (1017,2582)  (1069,2633)  (1069,2673)  (1057,2553)  (952,2861)  (912,2862)  (872,2862)  (832,2862)  (937,2542)  (977,2542)  (1017,2542)  (939,2902)  (899,2902)  (859,2902)  (819,2902)  (940,2502)  (980,2502)  (1020,2502)  (920,2942)  (880,2942)  (934,2462)  (974,2462)  (1014,2462)  (1054,2435)  (922,2982)  (882,2982) 
Hwangshi  (3103,2148)  (3063,2170)  (3063,2130)  (3135,2188)  (3103,2108)  (3143,2133)  (3044,2090)  (3183,2137) 
Cheng-tu  (1931,2036)  (1891,2075)  (1891,2035)  (1970,2076)  (1931,1996)  (1971,1996)  (1971,2036)  (1889,1995)  (1930,2115)  (1890,2115)  (1851,2075)  (1851,2035)  (2010,2076)  (2000,2116)  (1850,2116)  (1929,1956)  (1969,1956)  (2009,1956)  (2011,1996)  (2011,2036)  (1860,1955)  (2049,1918)  (1960,2155)  (1920,2155)  (2050,2076)  (1880,2156)  (1840,2156)  (1810,2116)  (1900,1916)  (1940,1916)  (1980,1916)  (2051,1958)  (2051,1998)  (1858,1915)  (2020,1878)  (1950,2195)  (1910,2196)  (1870,2196)  (1898,1876)  (1938,1876)  (1978,1876)  (1838,1875)  (1916,1836)  (1956,1836) 
Ichang  (2499,2102)  (2459,2141)  (2459,2101)  (2529,2142)  (2512,2062)  (2539,2102)  (2428,2181)  (2419,2141)  (2517,2182)  (2579,2067)  (2579,2107)  (2388,2212)  (2379,2172)  (2379,2132)  (2619,2101)  (2379,2252)  (2339,2192)  (2339,2152)  (2660,2131)  (2700,2133) 
SZ 21 Strait of Malacca  (779,4368)  (739,4407)  (739,4367)  (818,4408)  (779,4328)  (819,4328)  (819,4368)  (737,4327)  (778,4447)  (738,4447)  (699,4407)  (699,4367)  (858,4408)  (858,4448)  (818,4448)  (698,4448)  (777,4288)  (817,4288)  (857,4288)  (859,4328)  (859,4368)  (697,4327)  (697,4287)  (737,4287)  (897,4251)  (659,4408)  (659,4368)  (898,4408)  (898,4448)  (658,4456)  (777,4248)  (817,4248)  (857,4248)  (899,4291)  (899,4331)  (657,4328)  (657,4288)  (657,4248)  (697,4247)  (737,4247)  (619,4416)  (619,4376)  (938,4371)  (938,4411)  (938,4451)  (618,4456)  (939,4293)  (617,4336)  (617,4296)  (617,4256)  (579,4416)  (579,4376) 
So-ping  (2611,824)  (2571,863)  (2650,864)  (2608,784)  (2648,784)  (2651,824)  (2688,747)  (2578,903)  (2691,787)  (2728,717)  (2768,695) 
Malaya-Singapore  (1157,4364)  (1117,4403)  (1117,4363)  (1196,4404)  (1157,4324)  (1197,4324)  (1197,4364)  (1077,4414)  (1077,4374)  (1077,4334)  (1236,4404)  (1236,4444)  (1237,4317)  (1237,4357)  (1037,4346)  (1276,4397)  (1276,4437)  (1277,4331)  (1032,4306)  (1316,4371)  (1316,4411)  (1316,4451) 
Hehsi Corridor  (1551,1062)  (1511,1078)  (1511,1038)  (1590,1102)  (1551,1022)  (1591,1022)  (1591,1062)  (1550,1118)  (1471,1076)  (1471,1036)  (1630,1102)  (1630,1142)  (1590,1142)  (1598,982)  (1631,1022)  (1631,1062)  (1638,975)  (1431,1040)  (1431,1000)  (1670,1102)  (1670,1142)  (1670,1182)  (1630,1182)  (1590,1182)  (1671,1015)  (1671,1055)  (1678,949)  (1391,1016)  (1710,1194)  (1670,1222)  (1630,1222)  (1590,1222)  (1388,976)  (1722,1234)  (1348,998)  (1348,958)  (1752,1274)  (1318,918) 
Imphal  (359,2884)  (319,2923)  (319,2883)  (398,2924)  (359,2844)  (399,2844)  (399,2884)  (317,2843)  (358,2963)  (318,2963)  (279,2923)  (279,2883)  (438,2924)  (438,2964)  (398,2964)  (278,2964)  (357,2804)  (397,2804)  (437,2804)  (439,2844)  (439,2884)  (277,2843)  (358,3003)  (318,3003)  (239,2924)  (460,3004)  (420,3004)  (278,3004)  (388,2764)  (374,3043)  (334,3043)  (294,3044)  (254,3044)  (372,3083)  (332,3084)  (292,3084)  (252,3084) 
Hanoi Station  (2075,3432)  (2035,3471)  (2035,3431)  (2114,3472)  (2075,3392)  (2115,3405)  (2003,3391)  (2030,3511)  (1995,3471)  (1995,3431)  (2154,3445)  (1990,3516)  (1963,3391)  (1955,3446)  (1923,3406)  (1883,3402) 
Wuhu  (3606,1821) 
Pa-chung  (2209,1984)  (2169,2023)  (2169,1983)  (2248,2024)  (2209,1944)  (2249,1944)  (2249,1984)  (2167,1943)  (2208,2063)  (2168,2063)  (2129,2023)  (2129,1983)  (2288,2024)  (2128,2064)  (2262,1904)  (2289,1944)  (2289,1984)  (2132,1903)  (2172,1903)  (2236,2103)  (2196,2103)  (2156,2104)  (2116,2104)  (2329,1927)  (2329,1967)  (2329,2007)  (2104,1863)  (2076,2131)  (2206,2143)  (2166,2144)  (2126,2144)  (2369,1945)  (2369,1985)  (2175,2184)  (2409,1945)  (2409,1985)  (2449,1971) 
Kweiyang  (2025,2676)  (2064,2716)  (2016,2636)  (2056,2636)  (2065,2676)  (2096,2605)  (2104,2716)  (2054,2596)  (2105,2645)  (2144,2685)  (2145,2637) 
Chahar  (2793,284)  (2753,323)  (2753,283)  (2832,324)  (2793,244)  (2833,244)  (2833,284)  (2751,243)  (2792,363)  (2752,363)  (2713,323)  (2713,283)  (2872,324)  (2872,364)  (2832,364)  (2712,364)  (2791,204)  (2831,204)  (2871,204)  (2873,244)  (2873,284)  (2711,243)  (2711,203)  (2751,203)  (2911,166)  (2792,403)  (2752,403)  (2673,324)  (2673,284)  (2912,324)  (2912,364)  (2912,404)  (2872,404)  (2832,404)  (2712,404)  (2672,404)  (2672,364)  (2791,164)  (2831,164)  (2871,164)  (2913,206)  (2913,246)  (2671,244)  (2671,204)  (2671,164)  (2711,163)  (2751,163)  (2911,126)  (2951,126)  (2951,166)  (2792,443)  (2752,443)  (2633,324)  (2633,284) 
Japan  (4371,1526)  (4331,1565)  (4331,1525)  (4410,1566)  (4371,1486)  (4411,1486)  (4411,1526)  (4329,1485)  (4370,1605)  (4330,1605)  (4291,1553)  (4448,1606)  (4369,1446)  (4409,1446)  (4408,1645)  (4368,1645)  (4328,1645)  (4448,1646)  (4370,1406)  (4410,1406)  (4408,1685)  (4368,1685)  (4448,1686) 
Paoting  (2891,834)  (2851,873)  (2930,874)  (2868,794)  (2908,794)  (2931,834)  (2948,777)  (2890,913)  (2850,913)  (2932,914)  (2810,914)  (2854,754)  (2894,754)  (2971,817)  (2892,953)  (2852,953)  (2932,954)  (2812,954)  (2832,714)  (2872,714)  (2892,993)  (2852,993)  (2898,674) 
Puel  (1361,3170)  (1321,3209)  (1321,3169)  (1400,3210)  (1361,3130)  (1401,3130)  (1401,3170)  (1319,3129)  (1360,3249)  (1320,3249)  (1281,3209)  (1281,3169)  (1440,3210)  (1440,3250)  (1400,3250)  (1280,3250)  (1359,3090)  (1399,3090)  (1439,3090)  (1441,3130)  (1441,3170)  (1279,3129)  (1300,3089)  (1479,3052)  (1360,3289)  (1320,3289)  (1241,3210)  (1241,3170)  (1480,3210)  (1431,3290)  (1280,3290)  (1240,3290)  (1240,3250)  (1340,3050)  (1380,3050)  (1420,3050)  (1481,3092)  (1481,3132)  (1460,3012)  (1500,3012)  (1519,3052)  (1391,3329)  (1351,3329)  (1520,3172)  (1520,3212)  (1311,3330)  (1271,3330)  (1231,3330)  (1200,3290)  (1200,3250)  (1332,3010)  (1372,3010)  (1412,3010)  (1521,3092)  (1521,3132) 
Chih-Chiang  (2513,2466)  (2473,2505)  (2473,2465)  (2552,2506)  (2513,2426)  (2553,2426)  (2553,2466)  (2471,2425)  (2512,2545)  (2472,2545)  (2592,2506)  (2592,2546)  (2552,2546)  (2511,2386)  (2551,2386)  (2593,2395)  (2593,2435)  (2434,2385)  (2512,2585)  (2632,2475)  (2632,2515)  (2632,2555)  (2592,2586)  (2552,2586)  (2474,2346)  (2514,2346)  (2554,2346)  (2633,2409)  (2424,2345)  (2512,2625)  (2672,2449)  (2672,2489)  (2672,2529)  (2602,2626)  (2562,2626)  (2464,2306)  (2504,2306)  (2424,2305)  (2708,2409)  (2522,2665)  (2482,2665)  (2464,2266) 
West Sikang  (697,2064)  (657,2103)  (657,2063)  (736,2104)  (697,2024)  (737,2024)  (737,2064)  (655,2023)  (696,2143)  (656,2143)  (617,2103)  (617,2063)  (776,2104)  (776,2144)  (736,2144)  (616,2144)  (695,1984)  (735,1984)  (775,1984)  (777,2024)  (777,2064)  (615,2023)  (615,1983)  (655,1983)  (815,1955)  (696,2183)  (656,2183)  (577,2104)  (577,2064)  (816,2104)  (816,2144)  (816,2184)  (776,2184)  (736,2184)  (616,2184)  (576,2184)  (576,2144)  (695,1944)  (735,1944)  (817,1995)  (817,2035)  (575,2024)  (575,1984)  (575,1944)  (615,1943)  (655,1943)  (855,1941)  (696,2223)  (656,2223)  (537,2104)  (537,2064) 
SZ 6 East China Sea  (3961,1656)  (3921,1695)  (3921,1655)  (4000,1696)  (3961,1616)  (4001,1616)  (4001,1656)  (3919,1615)  (3960,1735)  (3920,1735)  (3881,1695)  (3881,1655)  (4040,1696)  (4040,1736)  (4000,1736)  (3959,1576)  (3999,1576)  (4039,1576)  (4041,1616)  (4041,1656)  (3879,1615)  (3879,1575)  (3919,1575)  (4079,1538)  (3960,1775)  (3841,1666)  (4080,1696)  (4080,1736)  (4080,1776)  (4040,1776)  (4000,1776)  (3959,1536)  (3999,1536)  (4039,1536)  (4081,1578)  (4081,1618)  (3839,1626)  (3839,1586)  (3839,1546)  (3879,1535)  (3919,1535)  (3799,1646)  (3799,1606)  (3799,1566)  (3799,1526)  (3759,1612)  (3759,1572)  (3759,1532)  (3719,1570)  (3719,1530) 
SZ 9 Taiwan Strait  (3833,2612)  (3793,2651)  (3793,2611)  (3872,2652)  (3833,2572)  (3873,2572)  (3873,2612)  (3791,2571)  (3832,2691)  (3792,2691)  (3753,2651)  (3753,2611)  (3912,2652)  (3912,2692)  (3872,2692)  (3752,2692)  (3831,2532)  (3871,2532)  (3911,2532)  (3913,2572)  (3913,2612)  (3758,2531)  (3951,2494)  (3832,2731)  (3792,2731)  (3952,2652)  (3915,2732)  (3875,2732)  (3752,2732)  (3712,2732)  (3712,2692)  (3798,2492)  (3838,2492)  (3878,2492)  (3953,2534)  (3953,2574)  (3756,2491)  (3918,2454)  (3958,2454)  (3991,2494)  (3835,2771)  (3795,2771)  (3892,2772)  (3755,2772)  (3715,2772)  (3675,2772)  (3796,2452)  (3836,2452)  (3876,2452)  (3993,2534)  (3993,2574) 
Luan  (3201,1738)  (3161,1748)  (3161,1708)  (3240,1778)  (3201,1698)  (3241,1698)  (3241,1738)  (3200,1788)  (3130,1668)  (3121,1720)  (3274,1818)  (3281,1697)  (3281,1737)  (3234,1828)  (3194,1828)  (3090,1680)  (3090,1640)  (3154,1851)  (3321,1701)  (3249,1868)  (3209,1868)  (3169,1891) 
Huangshan  (3429,1966)  (3389,2005)  (3468,2006)  (3410,1926)  (3450,1926)  (3469,1966)  (3490,1905)  (3428,2045)  (3388,2045)  (3508,2006)  (3508,2046)  (3468,2046)  (3348,2046)  (3509,1945)  (3530,1885)  (3549,1925)  (3570,1872) 
Chin-kiang  (3676,1627)  (3716,1657) 
Sining  (1453,1232)  (1413,1202)  (1492,1272)  (1452,1272)  (1453,1192)  (1493,1192)  (1493,1232)  (1412,1283)  (1386,1162)  (1532,1272)  (1532,1312)  (1492,1312)  (1452,1312)  (1426,1152)  (1466,1152)  (1412,1323)  (1346,1126)  (1386,1122)  (1306,1110)  (1346,1086)  (1296,1070) 
Poyang  (3375,2200)  (3335,2174)  (3414,2240)  (3374,2240)  (3375,2160)  (3415,2160)  (3415,2200)  (3454,2240)  (3454,2280)  (3414,2280)  (3374,2280)  (3358,2120)  (3455,2185)  (3270,2140)  (3494,2228)  (3453,2320)  (3413,2320)  (3373,2320)  (3333,2347)  (3379,2360)  (3293,2373)  (3339,2387)  (3299,2413)  (3369,2427)  (3329,2453)  (3289,2453)  (3322,2493)  (3282,2493)  (3318,2533) 
Kan  (3149,2576)  (3109,2615)  (3109,2575)  (3188,2616)  (3149,2536)  (3189,2536)  (3189,2576)  (3107,2535)  (3148,2655)  (3108,2655)  (3069,2615)  (3069,2575)  (3228,2616)  (3228,2656)  (3188,2656)  (3068,2656)  (3147,2496)  (3187,2496)  (3229,2551)  (3067,2535)  (3067,2495)  (3107,2495)  (3148,2695)  (3108,2695)  (3268,2591)  (3268,2631)  (3268,2671)  (3228,2696)  (3188,2696)  (3068,2696)  (3147,2456)  (3187,2456)  (3027,2514)  (3227,2442)  (3272,2711)  (3308,2616)  (3232,2736)  (3192,2736)  (3075,2736)  (3146,2416)  (3186,2416)  (3226,2402)  (3264,2776)  (3224,2776)  (3184,2776)  (3154,2376)  (3144,2815) 
Tungting  (2927,2286)  (2966,2326)  (2967,2277) 
Kra  (879,4146)  (918,4186)  (868,4106)  (958,4149)  (958,4189)  (960,4229)  (1000,4252)  (1008,3990)  (994,3950)  (1088,4275)  (1034,3921)  (982,3910)  (1022,3881)  (954,3870)  (914,3856)  (954,3830) 
Shiuchow  (3033,2834)  (2993,2834)  (3068,2874)  (3028,2874)  (2992,2794)  (3032,2794)  (3073,2795)  (3108,2897)  (3068,2914)  (3028,2914)  (2952,2804)  (3135,2937)  (3148,2895) 
SZ 1 Bohai Bay  (3245,846)  (3205,856)  (3284,886)  (3285,811) 
SZ 20 Indian Ocean  (343,4334)  (303,4373)  (303,4333)  (382,4374)  (343,4294)  (383,4294)  (383,4334)  (301,4293)  (342,4413)  (302,4413)  (263,4373)  (263,4333)  (422,4374)  (422,4414)  (382,4414)  (262,4414)  (341,4254)  (381,4254)  (421,4254)  (423,4294)  (423,4334)  (261,4293)  (261,4253)  (301,4253)  (461,4217)  (342,4453)  (302,4453)  (223,4374)  (223,4334)  (462,4374)  (462,4414)  (462,4454)  (422,4454)  (382,4454)  (262,4454)  (222,4454)  (222,4414)  (463,4257)  (463,4297)  (221,4294)  (221,4254)  (501,4217)  (183,4374)  (183,4334)  (502,4337)  (502,4377)  (502,4417)  (182,4456)  (182,4416)  (503,4257)  (503,4297) 
Hangchow  (3639,1976)  (3599,2015)  (3678,2016)  (3618,1936)  (3658,1936)  (3679,1976)  (3638,2055)  (3598,2055)  (3620,1896)  (3719,1979)  (3662,2095) 
Anyang  (2871,1334)  (2831,1373)  (2910,1374)  (2894,1294)  (2911,1334)  (2820,1413)  (2951,1305)  (2951,1345)  (2758,1421)  (2718,1428) 
Sog-rigs  (627,1072)  (587,1111)  (587,1071)  (666,1112)  (627,1032)  (667,1032)  (667,1072)  (585,1031)  (626,1151)  (586,1151)  (547,1111)  (547,1071)  (706,1112)  (706,1152)  (666,1152)  (546,1152)  (625,992)  (665,992)  (705,992)  (707,1032)  (707,1072)  (545,1031)  (545,991)  (585,991)  (745,954)  (626,1191)  (586,1191)  (507,1112)  (507,1072)  (746,1112)  (746,1152)  (746,1192)  (706,1192)  (666,1192)  (546,1192)  (506,1192)  (506,1152)  (625,952)  (665,952)  (705,952)  (747,994)  (747,1034)  (505,1032)  (505,992)  (505,952)  (545,951)  (585,951)  (785,927)  (626,1231)  (586,1231)  (467,1112)  (467,1072) 
Nanning  (2367,3124)  (2406,3164)  (2370,3084)  (2407,3124)  (2410,3081)  (2446,3164)  (2447,3121)  (2450,3056)  (2487,3096)  (2487,3136) 
Te-king  (2839,2922)  (2867,2962)  (2838,2882)  (2878,2882)  (2879,2922)  (2827,2985)  (2918,2853)  (2842,2842)  (2919,2893)  (2840,3025)  (2800,3025)  (2959,2885)  (2828,3065)  (2788,3065)  (2796,3105) 
Kining  (3103,1322)  (3063,1361)  (3142,1362)  (3112,1282)  (3143,1322)  (3102,1401)  (3062,1401)  (3183,1327) 
Rangoon  (871,3760)  (831,3724)  (873,3800)  (794,3684)  (791,3724)  (754,3684)  (751,3734)  (724,3644)  (900,3910)  (918,3950)  (935,3990) 
SZ 19 Bay of Bengal  (169,3748)  (129,3768)  (129,3728)  (208,3788)  (169,3708)  (209,3708)  (209,3748)  (168,3808)  (108,3688)  (89,3768)  (89,3728)  (248,3788)  (248,3828)  (208,3828)  (148,3668)  (188,3668)  (228,3668)  (249,3708)  (249,3748)  (268,3649)  (168,3848)  (68,3688)  (68,3648)  (108,3648)  (49,3768)  (49,3728)  (288,3788)  (288,3828)  (288,3868)  (248,3868)  (208,3868)  (148,3628)  (188,3628)  (228,3628)  (289,3689)  (289,3729)  (268,3609)  (308,3609)  (308,3649)  (168,3888)  (28,3688)  (28,3648)  (28,3608)  (68,3608)  (108,3608)  (9,3768)  (9,3728)  (328,3769)  (328,3809)  (328,3849)  (328,3889) 
Ningpo  (3771,2128)  (3731,2167)  (3731,2127)  (3810,2168)  (3771,2088)  (3811,2088)  (3811,2128)  (3729,2087)  (3770,2207)  (3730,2207)  (3691,2167)  (3820,2208)  (3690,2208)  (3769,2048)  (3809,2048)  (3849,2048)  (3851,2088)  (3851,2128)  (3780,2247)  (3740,2247)  (3651,2168)  (3700,2248)  (3660,2248)  (3650,2208)  (3768,2008)  (3808,2008)  (3848,2008)  (3620,2278)  (3784,2287)  (3744,2287)  (3611,2168)  (3704,2288)  (3664,2288)  (3610,2238)  (3796,1968)  (3836,1968)  (3604,2128)  (3571,2198)  (3640,2328)  (3564,2158)  (3564,2118)  (3524,2162)  (3524,2122) 
East Sikang  (1297,2062)  (1257,2101)  (1257,2061)  (1336,2102)  (1297,2022)  (1337,2022)  (1337,2062)  (1255,2021)  (1296,2141)  (1256,2141)  (1217,2101)  (1217,2061)  (1376,2102)  (1376,2142)  (1336,2142)  (1216,2142)  (1295,1982)  (1335,1982)  (1375,1982)  (1377,2022)  (1377,2062)  (1215,2021)  (1215,1981)  (1255,1981)  (1415,1944)  (1296,2181)  (1256,2181)  (1177,2102)  (1177,2062)  (1416,2102)  (1416,2142)  (1416,2182)  (1376,2182)  (1336,2182)  (1216,2182)  (1176,2182)  (1176,2142)  (1295,1942)  (1335,1942)  (1375,1942)  (1417,1984)  (1417,2024)  (1175,2022)  (1175,1982)  (1175,1942)  (1215,1941)  (1255,1941)  (1415,1904)  (1455,1904)  (1455,1944)  (1296,2221)  (1256,2221)  (1137,2102)  (1137,2062) 
Momein  (1165,2904)  (1125,2943)  (1125,2903)  (1204,2944)  (1165,2864)  (1205,2864)  (1205,2904)  (1123,2863)  (1164,2983)  (1124,2983)  (1085,2943)  (1085,2903)  (1244,2944)  (1244,2984)  (1204,2984)  (1084,2984)  (1163,2824)  (1203,2824)  (1243,2824)  (1245,2864)  (1245,2904)  (1083,2863)  (1083,2823)  (1123,2823)  (1283,2797)  (1164,3023)  (1124,3023)  (1045,2944)  (1045,2904)  (1284,2944)  (1271,3024)  (1231,3024)  (1044,2984)  (1163,2784)  (1203,2784)  (1285,2837)  (1285,2877)  (1043,2864)  (1120,2783)  (1191,3063)  (1151,3063)  (1005,2944)  (1005,2904)  (1245,3064)  (991,2984)  (1192,3103)  (1152,3103) 
Chien-ning  (2929,2514)  (2968,2554)  (2928,2554)  (2928,2474)  (2988,2594) 
Sittang  (683,3418)  (643,3457)  (643,3417)  (722,3458)  (683,3378)  (723,3378)  (723,3418)  (682,3497)  (762,3498)  (722,3498)  (682,3338)  (763,3361)  (763,3401)  (682,3537)  (735,3538)  (719,3578) 
Hainan  (2519,3572)  (2479,3611)  (2479,3571)  (2558,3612)  (2524,3532)  (2559,3572)  (2564,3527)  (2599,3567)  (2604,3513) 
Nanyang  (2629,1652)  (2589,1691)  (2589,1651)  (2668,1692)  (2629,1612)  (2669,1633)  (2587,1611)  (2628,1731)  (2708,1673)  (2708,1713)  (2668,1732)  (2627,1572)  (2547,1606)  (2587,1571)  (2542,1566)  (2729,1753)  (2748,1657)  (2748,1697)  (2689,1772)  (2627,1532)  (2582,1531)  (2769,1737)  (2788,1655)  (2788,1695)  (2809,1735)  (2828,1686)  (2849,1763) 
SZ 15 Philippine Sea  (4287,4038)  (4247,4077)  (4247,4037)  (4300,4078)  (4287,3998)  (4245,3997)  (4260,4117)  (4220,4117)  (4207,4077)  (4207,4037)  (4300,4118)  (4285,3958)  (4205,3997)  (4205,3957)  (4245,3957)  (4180,4144)  (4260,4157)  (4220,4157)  (4167,4104)  (4167,4064)  (4300,4158)  (4285,3918)  (4165,4024)  (4165,3984)  (4165,3944)  (4205,3917)  (4245,3917)  (4152,3904)  (4180,4184)  (4140,4184)  (4140,4144)  (4260,4197)  (4220,4197)  (4127,4104)  (4127,4064)  (4300,4198)  (4285,3878)  (4125,4024)  (4125,3984)  (4125,3944)  (4192,3877)  (4232,3877)  (4112,3904)  (4112,3864)  (4152,3864)  (4180,4224)  (4140,4224)  (4100,4224)  (4100,4184)  (4100,4144)  (4260,4237)  (4220,4237)  (4087,4104)  (4087,4064) 
Chittagong  (441,3192)  (401,3231)  (401,3191)  (480,3232)  (441,3152)  (481,3152)  (481,3192)  (362,3271)  (361,3231)  (361,3191)  (514,3272)  (474,3272)  (420,3112)  (460,3112)  (500,3112)  (521,3152)  (521,3192)  (540,3093)  (322,3284)  (321,3244)  (321,3204)  (321,3164)  (520,3312)  (480,3312)  (490,3072)  (530,3053)  (282,3284)  (281,3244)  (281,3204)  (281,3164)  (488,3352)  (448,3352)  (241,3270)  (241,3230)  (241,3190)  (241,3150)  (485,3392)  (201,3238)  (201,3198)  (201,3158)  (478,3432)  (161,3224) 
Taiyuan  (2589,1012)  (2628,1052)  (2590,972)  (2629,1012)  (2630,971)  (2668,1052)  (2669,1011)  (2670,939)  (2709,979)  (2709,1019) 
Wuhan  (2817,2118)  (2856,2158)  (2816,2158)  (2792,2078)  (2832,2078)  (2857,2118)  (2872,2063)  (2896,2158)  (2896,2198)  (2856,2198)  (2824,2038)  (2897,2103)  (2864,2023)  (2904,2023)  (2912,2063)  (2936,2143)  (2936,2183)  (2937,2103)  (2952,2044)  (2976,2143)  (2977,2084) 
Changchih  (2719,1266)  (2679,1305)  (2758,1306)  (2722,1226)  (2759,1266)  (2762,1223)  (2718,1345)  (2678,1345)  (2639,1305)  (2765,1346)  (2722,1186)  (2762,1183)  (2696,1146)  (2736,1143)  (2776,1143) 
SZ 2 Bohai Sea  (3447,792)  (3407,831)  (3407,791)  (3486,832)  (3447,752)  (3487,752)  (3487,792)  (3405,751)  (3446,871)  (3406,871)  (3367,831)  (3367,791)  (3526,852)  (3486,872)  (3366,872)  (3445,712)  (3485,712)  (3365,751)  (3366,711)  (3546,892)  (3446,911)  (3406,911)  (3503,912)  (3366,912)  (3416,672)  (3456,672)  (3496,672)  (3536,651)  (3463,951)  (3423,951)  (3383,952)  (3460,632)  (3500,611)  (3540,611)  (3448,991)  (3408,992)  (3482,571)  (3522,571)  (3562,571)  (3518,531) 
South Laos  (1743,3632)  (1703,3644)  (1703,3604)  (1782,3672)  (1674,3564)  (1714,3564)  (1663,3636)  (1822,3676)  (1826,3716)  (1754,3536)  (1636,3524)  (1676,3524)  (1786,3743)  (1623,3628)  (1866,3724)  (1826,3756)  (1874,3764)  (1716,3496)  (1756,3496)  (1598,3484)  (1638,3484)  (1914,3752)  (1914,3792)  (1874,3804)  (1706,3456)  (1942,3832)  (1954,3765)  (1902,3844)  (1862,3844) 
Korea  (4281,560)  (4241,599)  (4241,559)  (4320,600)  (4281,520)  (4321,520)  (4321,560)  (4239,519)  (4280,639)  (4240,639)  (4201,599)  (4201,559)  (4360,600)  (4360,640)  (4320,640)  (4200,640)  (4279,480)  (4319,480)  (4359,480)  (4361,520)  (4361,560)  (4199,519)  (4199,479)  (4239,479)  (4399,442)  (4280,679)  (4240,679)  (4161,600)  (4161,560)  (4400,600)  (4400,640)  (4400,680)  (4360,680)  (4320,680)  (4200,680)  (4160,680)  (4160,640)  (4279,440)  (4319,440)  (4359,440)  (4401,482)  (4401,522)  (4159,520)  (4159,480)  (4159,440)  (4199,439)  (4239,439)  (4399,402)  (4439,402)  (4439,442)  (4280,719)  (4240,719)  (4121,600)  (4121,560) 
Ichow  (3275,1326)  (3235,1365)  (3235,1298)  (3314,1366)  (3275,1286)  (3315,1286)  (3315,1326)  (3264,1405)  (3354,1366) 
Kannan  (1669,1570)  (1629,1609)  (1629,1569)  (1708,1610)  (1669,1530)  (1709,1530)  (1709,1570)  (1627,1529)  (1589,1610)  (1589,1570)  (1748,1610)  (1748,1650)  (1708,1650)  (1682,1490)  (1587,1530)  (1587,1490)  (1549,1618)  (1549,1578)  (1788,1600)  (1788,1640)  (1788,1680)  (1748,1690)  (1818,1720)  (1828,1603)  (1828,1643)  (1508,1668)  (1858,1683)  (1858,1723)  (1818,1760)  (1861,1763)  (1868,1608)  (1898,1720)  (1901,1760)  (1868,1803)  (1828,1803) 
North Suiyuan  (2313,592)  (2273,631)  (2273,591)  (2352,632)  (2313,552)  (2353,552)  (2353,592)  (2271,551)  (2312,671)  (2272,671)  (2233,631)  (2233,591)  (2392,632)  (2392,672)  (2352,672)  (2232,672)  (2311,512)  (2351,512)  (2391,512)  (2393,552)  (2393,592)  (2231,551)  (2231,511)  (2271,511)  (2431,474)  (2193,632)  (2193,592)  (2432,632)  (2432,672)  (2192,674)  (2324,472)  (2364,472)  (2433,514)  (2433,554)  (2191,552)  (2191,512)  (2438,712)  (2404,434)  (2444,434)  (2471,474)  (2153,634)  (2153,594)  (2472,594)  (2472,634)  (2152,674)  (2473,514)  (2473,554)  (2151,554)  (2151,514)  (2478,674)  (2478,714) 
Ningsia  (1629,772)  (1589,811)  (1589,771)  (1668,812)  (1629,732)  (1669,732)  (1669,772)  (1587,731)  (1628,851)  (1588,851)  (1549,811)  (1549,771)  (1708,812)  (1708,852)  (1668,852)  (1548,852)  (1627,692)  (1667,692)  (1707,692)  (1709,732)  (1709,772)  (1547,731)  (1547,691)  (1587,691)  (1747,654)  (1628,891)  (1588,891)  (1509,812)  (1509,772)  (1748,812)  (1748,852)  (1748,892)  (1689,892)  (1548,892)  (1508,892)  (1508,852)  (1627,652)  (1667,652)  (1707,652)  (1749,707)  (1749,747)  (1507,732)  (1507,692)  (1507,652)  (1547,651)  (1587,651)  (1748,614)  (1469,812)  (1469,772)  (1788,787)  (1788,827)  (1788,867)  (1788,907) 
Chiang Mai  (1055,3656)  (1015,3695)  (1015,3655)  (1094,3696)  (1055,3616)  (1095,3616)  (1095,3656)  (1013,3615)  (1054,3735)  (1014,3735)  (975,3695)  (975,3655)  (1134,3696)  (1134,3736)  (1094,3736)  (974,3736)  (1135,3577)  (1135,3617)  (973,3615)  (1054,3775)  (935,3696)  (935,3656)  (1174,3657)  (1174,3697)  (1174,3737)  (1134,3776)  (1094,3776)  (1175,3565)  (1175,3605)  (933,3616)  (895,3686)  (1214,3645)  (1214,3685)  (1215,3605)  (893,3646)  (1254,3645)  (1294,3615) 
Pathein  (597,3562)  (557,3548)  (636,3602)  (597,3522)  (542,3508)  (668,3642)  (628,3642)  (526,3468)  (672,3682)  (680,3722)  (640,3722)  (665,3762)  (625,3762) 
Calcutta Station  (25,3322)  (64,3362)  (24,3362)  (0,3282)  (40,3282)  (65,3322)  (80,3267)  (104,3362)  (104,3402)  (64,3402)  (0,3242)  (40,3242)  (105,3307)  (80,3227)  (144,3347)  (144,3387)  (0,3202)  (40,3202)  (145,3279)  (80,3187)  (184,3319)  (184,3359)  (0,3162)  (40,3162)  (194,3399)  (120,3151)  (80,3147)  (0,3122)  (40,3122)  (120,3111)  (80,3107)  (160,3097)  (0,3082)  (40,3082)  (120,3071)  (200,3069)  (80,3067)  (160,3057)  (0,3042)  (40,3042)  (120,3031)  (200,3029)  (80,3027)  (160,3017)  (0,3002)  (40,3002)  (120,2991)  (80,2987)  (0,2962)  (40,2962)  (120,2951) 
Szecheng  (2251,2924)  (2211,2963)  (2211,2923)  (2290,2964)  (2291,2893)  (2209,2883)  (2316,2853)  (2250,3003)  (2210,3003)  (2171,2936)  (2330,2933)  (2330,2973)  (2290,3004)  (2331,2893)  (2169,2896)  (2348,3013)  (2370,2952)  (2129,2932)  (2388,2992) 
Tsinan  (3121,1172)  (3160,1212)  (3126,1132)  (3161,1172)  (3166,1127)  (3200,1212)  (3201,1167)  (3206,1103)  (3240,1207)  (3241,1143) 
Tali  (1309,2644)  (1269,2683)  (1269,2643)  (1348,2684)  (1309,2604)  (1349,2604)  (1349,2644)  (1267,2603)  (1308,2723)  (1268,2723)  (1229,2683)  (1229,2643)  (1388,2684)  (1388,2724)  (1348,2724)  (1228,2724)  (1307,2564)  (1347,2564)  (1389,2593)  (1389,2633)  (1227,2603)  (1227,2563)  (1267,2563)  (1189,2684)  (1189,2644)  (1428,2673)  (1428,2713)  (1428,2753)  (1388,2764)  (1187,2604)  (1187,2564)  (1187,2524)  (1227,2523)  (1267,2523)  (1446,2793)  (1149,2702)  (1149,2662)  (1468,2716)  (1406,2804)  (1366,2804)  (1148,2484)  (1147,2622)  (1147,2582)  (1147,2542)  (1188,2483)  (1228,2483)  (1268,2483)  (1446,2833)  (1406,2844)  (1366,2844)  (1108,2502) 
Udon Thani  (1603,3776)  (1563,3815)  (1563,3775)  (1642,3816)  (1603,3736)  (1643,3736)  (1643,3776)  (1561,3735)  (1523,3850)  (1523,3810)  (1682,3816)  (1601,3696)  (1641,3696)  (1683,3717)  (1683,3757)  (1483,3850)  (1483,3810)  (1722,3797)  (1722,3837)  (1762,3798)  (1762,3838) 
Rangoon Station  (757,3688)  (783,3728)  (743,3728)  (718,3648)  (797,3665)  (823,3705)  (862,3745)  (864,3785)  (904,3752)  (900,3910)  (918,3950)  (935,3990) 
Luoyang  (2777,1532)  (2737,1571)  (2737,1531)  (2816,1572)  (2777,1492)  (2817,1492)  (2817,1532)  (2735,1491)  (2856,1572)  (2856,1612)  (2857,1491)  (2857,1531)  (2695,1512)  (2896,1571)  (2896,1611)  (2896,1651) 
Woochow  (2635,3086)  (2595,3125)  (2595,3085)  (2674,3126)  (2635,3046)  (2675,3046)  (2675,3086)  (2593,3045)  (2634,3165)  (2594,3165)  (2555,3125)  (2555,3085)  (2690,3166)  (2554,3166)  (2633,3006)  (2673,3006)  (2715,3007)  (2715,3047)  (2715,3087)  (2630,3205)  (2590,3206)  (2598,3246) 
Chenchow  (2881,2676)  (2841,2670)  (2920,2716)  (2880,2716)  (2921,2641)  (2836,2630)  (2840,2741)  (2960,2681)  (2960,2721)  (2887,2756)  (2847,2781)  (3000,2654) 
Changteh  (2671,2264)  (2631,2303)  (2631,2263)  (2710,2304)  (2671,2224)  (2711,2224)  (2711,2264)  (2629,2223)  (2670,2343)  (2630,2343)  (2591,2264)  (2751,2221)  (2751,2261)  (2589,2224)  (2608,2183)  (2648,2183)  (2791,2241)  (2549,2254)  (2831,2261) 
SZ 4 South Yellow Sea  (3813,1246)  (3773,1285)  (3773,1245)  (3852,1286)  (3813,1206)  (3853,1206)  (3853,1246)  (3771,1205)  (3812,1325)  (3772,1325)  (3733,1285)  (3733,1245)  (3892,1286)  (3892,1326)  (3852,1326)  (3732,1326)  (3811,1166)  (3851,1166)  (3891,1166)  (3893,1206)  (3893,1246)  (3731,1205)  (3731,1165)  (3771,1165)  (3931,1128)  (3812,1365)  (3772,1365)  (3693,1286)  (3693,1246)  (3932,1286)  (3932,1326)  (3932,1366)  (3892,1366)  (3852,1366)  (3732,1366)  (3692,1366)  (3692,1326)  (3811,1126)  (3851,1126)  (3891,1126)  (3933,1168)  (3933,1208)  (3691,1206)  (3740,1125)  (3931,1088)  (3971,1088)  (3971,1128)  (3812,1405)  (3772,1405)  (3653,1286)  (3653,1246) 
Weihsien  (3393,1084)  (3387,1124)  (3433,1069)  (3473,1059)  (3496,1013) 
Tangshan  (3243,690)  (3282,730)  (3242,730)  (3283,661)  (3237,770)  (3323,643)  (3363,627) 
Suifu  (1761,2264)  (1721,2303)  (1721,2263)  (1800,2304)  (1761,2224)  (1801,2224)  (1801,2264)  (1719,2223)  (1760,2343)  (1720,2343)  (1681,2303)  (1681,2263)  (1840,2304)  (1840,2344)  (1800,2344)  (1680,2344)  (1759,2184)  (1841,2257)  (1679,2223)  (1679,2183)  (1719,2183)  (1880,2297)  (1880,2337)  (1707,2384)  (1667,2384)  (1639,2164)  (1679,2143)  (1719,2143)  (1888,2257)  (1698,2424)  (1724,2103) 
Nanking  (3431,1706)  (3470,1746)  (3430,1746)  (3416,1666)  (3456,1666)  (3471,1706)  (3496,1641)  (3510,1746)  (3510,1786)  (3470,1786)  (3442,1626)  (3511,1681)  (3482,1601)  (3522,1601)  (3536,1641)  (3550,1721)  (3550,1761)  (3551,1681)  (3576,1626)  (3590,1721)  (3591,1666) 
Hanchung  (2087,1676)  (2126,1716)  (2086,1716)  (2052,1636)  (2092,1636)  (2127,1676)  (2046,1721)  (2132,1631)  (2166,1716)  (2166,1756)  (2126,1756)  (2086,1756)  (2006,1756)  (2064,1596)  (2046,1761)  (2104,1591)  (1998,1716)  (2170,1796)  (2034,1556)  (2074,1551)  (2042,1511) 